without_mask 0.9652 6.0 168.0 47.0 226.0
without_mask 0.9420 245.0 233.0 281.0 299.0
with_mask 0.9223 264.0 133.0 303.0 199.0
with_mask 0.9107 327.0 163.0 362.0 231.0
without_mask 0.9093 126.0 225.0 179.0 309.0
with_mask 0.9000 57.0 297.0 115.0 397.0
without_mask 0.8201 249.0 22.0 275.0 66.0
without_mask 0.7820 84.0 17.0 110.0 71.0
with_mask 0.7801 189.0 120.0 219.0 161.0
without_mask 0.7604 350.0 35.0 374.0 75.0
without_mask 0.7449 170.0 39.0 193.0 79.0
without_mask 0.7023 26.0 30.0 49.0 69.0
without_mask 0.6793 78.0 169.0 106.0 218.0
without_mask 0.4232 397.0 18.0 415.0 53.0
without_mask 0.3043 299.0 82.0 322.0 128.0
without_mask 0.2959 126.0 364.0 179.0 411.0
without_mask 0.2804 371.0 104.0 399.0 146.0
