with_mask 0.9185 285.0 125.0 307.0 174.0
with_mask 0.8627 59.0 112.0 78.0 150.0
with_mask 0.8111 381.0 81.0 401.0 123.0
with_mask 0.7789 134.0 102.0 156.0 147.0
with_mask 0.7693 22.0 88.0 44.0 129.0
with_mask 0.7651 306.0 82.0 326.0 121.0
with_mask 0.6974 246.0 105.0 262.0 141.0
with_mask 0.6794 225.0 93.0 242.0 133.0
with_mask 0.6483 357.0 74.0 376.0 112.0
with_mask 0.6370 159.0 97.0 179.0 132.0
with_mask 0.5548 210.0 88.0 225.0 129.0
with_mask 0.5160 115.0 76.0 130.0 107.0
with_mask 0.4537 176.0 191.0 196.0 230.0
without_mask 0.4421 328.0 92.0 341.0 120.0
with_mask 0.3843 190.0 99.0 204.0 126.0
