with_mask 0.9231 32.0 78.0 58.0 124.0
with_mask 0.9227 336.0 76.0 363.0 124.0
with_mask 0.8735 153.0 103.0 175.0 144.0
with_mask 0.8709 119.0 102.0 141.0 141.0
with_mask 0.8676 378.0 67.0 403.0 118.0
with_mask 0.7939 202.0 93.0 222.0 135.0
with_mask 0.7778 227.0 76.0 249.0 125.0
with_mask 0.7584 9.0 84.0 29.0 129.0
with_mask 0.7339 177.0 70.0 197.0 113.0
with_mask 0.5232 277.0 94.0 296.0 133.0
with_mask 0.4840 90.0 120.0 108.0 161.0
with_mask 0.4784 406.0 137.0 416.0 172.0
without_mask 0.4698 105.0 41.0 125.0 80.0
with_mask 0.3632 77.0 109.0 87.0 135.0
with_mask 0.3329 302.0 89.0 319.0 139.0
