without_mask 0.9283 55.0 269.0 69.0 298.0
without_mask 0.9278 196.0 371.0 212.0 403.0
without_mask 0.8860 259.0 130.0 272.0 152.0
without_mask 0.8754 252.0 49.0 263.0 72.0
without_mask 0.8593 229.0 266.0 238.0 288.0
without_mask 0.8584 61.0 205.0 76.0 233.0
without_mask 0.8513 264.0 217.0 276.0 242.0
without_mask 0.8476 261.0 376.0 273.0 402.0
without_mask 0.8445 187.0 257.0 202.0 281.0
without_mask 0.8359 302.0 205.0 315.0 229.0
without_mask 0.8331 185.0 73.0 195.0 94.0
without_mask 0.8243 79.0 40.0 92.0 66.0
without_mask 0.8192 242.0 285.0 256.0 311.0
without_mask 0.8097 13.0 225.0 24.0 249.0
without_mask 0.8061 183.0 51.0 193.0 70.0
without_mask 0.8013 222.0 83.0 234.0 105.0
without_mask 0.7741 299.0 265.0 312.0 287.0
without_mask 0.7666 223.0 187.0 236.0 214.0
without_mask 0.7612 237.0 34.0 247.0 55.0
without_mask 0.7593 18.0 168.0 31.0 191.0
with_mask 0.7550 177.0 112.0 187.0 133.0
without_mask 0.7341 297.0 160.0 312.0 188.0
without_mask 0.7338 287.0 102.0 300.0 124.0
without_mask 0.7035 45.0 357.0 67.0 392.0
without_mask 0.7026 42.0 29.0 56.0 59.0
without_mask 0.6857 269.0 42.0 277.0 59.0
without_mask 0.6707 78.0 148.0 90.0 168.0
without_mask 0.6494 80.0 93.0 93.0 120.0
without_mask 0.6319 293.0 26.0 303.0 47.0
with_mask 0.6209 191.0 33.0 200.0 51.0
without_mask 0.6176 239.0 92.0 250.0 111.0
without_mask 0.5895 294.0 61.0 304.0 81.0
without_mask 0.5880 162.0 38.0 172.0 61.0
without_mask 0.5488 314.0 320.0 327.0 345.0
without_mask 0.5436 0.0 317.0 5.0 344.0
without_mask 0.5383 20.0 101.0 33.0 130.0
with_mask 0.5080 212.0 171.0 222.0 194.0
without_mask 0.4774 260.0 93.0 270.0 110.0
without_mask 0.4721 185.0 154.0 193.0 175.0
without_mask 0.4659 174.0 229.0 185.0 255.0
without_mask 0.4092 89.0 14.0 100.0 35.0
without_mask 0.3872 284.0 43.0 293.0 63.0
without_mask 0.3644 62.0 170.0 74.0 193.0
without_mask 0.3414 5.0 261.0 23.0 292.0
without_mask 0.3404 77.0 0.0 89.0 6.0
without_mask 0.3110 261.0 282.0 274.0 307.0
without_mask 0.2811 193.0 131.0 201.0 152.0
without_mask 0.2603 227.0 147.0 239.0 170.0
