with_mask 0.9528 73.0 157.0 98.0 202.0
with_mask 0.9251 177.0 232.0 202.0 288.0
with_mask 0.8899 155.0 156.0 177.0 203.0
with_mask 0.8675 277.0 186.0 293.0 224.0
with_mask 0.8091 327.0 196.0 383.0 308.0
with_mask 0.7467 126.0 181.0 140.0 209.0
with_mask 0.7141 44.0 146.0 52.0 165.0
with_mask 0.6740 0.0 139.0 8.0 155.0
with_mask 0.6344 142.0 166.0 150.0 193.0
with_mask 0.6044 104.0 131.0 112.0 150.0
with_mask 0.6032 237.0 176.0 253.0 211.0
with_mask 0.5725 379.0 270.0 406.0 332.0
with_mask 0.4625 261.0 157.0 271.0 180.0
with_mask 0.4318 28.0 209.0 48.0 242.0
with_mask 0.3963 6.0 171.0 23.0 200.0
with_mask 0.2877 254.0 145.0 262.0 163.0
