with_mask 0.9102 25.0 322.0 47.0 358.0
with_mask 0.9097 28.0 69.0 42.0 95.0
with_mask 0.9026 187.0 182.0 205.0 212.0
with_mask 0.8995 394.0 132.0 411.0 161.0
with_mask 0.8950 81.0 322.0 102.0 358.0
with_mask 0.8785 291.0 110.0 309.0 140.0
with_mask 0.8769 0.0 65.0 17.0 90.0
with_mask 0.8703 319.0 303.0 342.0 332.0
with_mask 0.8620 68.0 70.0 81.0 94.0
with_mask 0.8559 229.0 48.0 246.0 73.0
with_mask 0.8524 115.0 0.0 131.0 21.0
with_mask 0.8195 39.0 222.0 61.0 250.0
with_mask 0.8160 1.0 150.0 17.0 173.0
with_mask 0.8068 146.0 72.0 162.0 99.0
with_mask 0.8044 113.0 81.0 129.0 106.0
with_mask 0.7998 230.0 190.0 246.0 215.0
with_mask 0.7963 126.0 338.0 148.0 373.0
with_mask 0.7905 333.0 116.0 344.0 143.0
with_mask 0.7819 152.0 6.0 164.0 29.0
with_mask 0.7645 345.0 200.0 363.0 223.0
with_mask 0.7553 199.0 357.0 222.0 387.0
with_mask 0.7494 333.0 12.0 346.0 38.0
with_mask 0.7447 216.0 266.0 236.0 295.0
with_mask 0.7400 136.0 160.0 154.0 186.0
with_mask 0.7328 79.0 44.0 93.0 69.0
with_mask 0.7145 403.0 70.0 416.0 99.0
with_mask 0.6954 45.0 149.0 62.0 174.0
with_mask 0.6841 0.0 205.0 10.0 239.0
with_mask 0.6422 366.0 63.0 383.0 93.0
with_mask 0.6188 266.0 259.0 287.0 287.0
with_mask 0.6106 207.0 10.0 220.0 31.0
with_mask 0.5691 261.0 14.0 272.0 35.0
with_mask 0.5646 401.0 221.0 416.0 246.0
with_mask 0.5634 67.0 222.0 90.0 252.0
with_mask 0.5486 159.0 254.0 180.0 280.0
with_mask 0.5395 318.0 54.0 335.0 77.0
with_mask 0.5342 302.0 15.0 315.0 37.0
with_mask 0.5312 261.0 111.0 278.0 135.0
with_mask 0.5121 282.0 55.0 296.0 85.0
with_mask 0.5034 134.0 46.0 144.0 69.0
with_mask 0.5003 194.0 37.0 207.0 60.0
with_mask 0.4796 212.0 88.0 233.0 115.0
with_mask 0.4020 180.0 11.0 192.0 33.0
with_mask 0.3006 191.0 92.0 209.0 117.0
with_mask 0.2995 41.0 34.0 52.0 55.0
without_mask 0.2838 91.0 229.0 104.0 257.0
