with_mask 0.9033 97.0 100.0 116.0 129.0
with_mask 0.7175 25.0 77.0 45.0 109.0
with_mask 0.7053 249.0 89.0 268.0 126.0
with_mask 0.5827 71.0 30.0 84.0 57.0
with_mask 0.5696 165.0 45.0 179.0 72.0
with_mask 0.5644 205.0 127.0 226.0 163.0
with_mask 0.4828 148.0 23.0 160.0 47.0
with_mask 0.4410 271.0 41.0 283.0 62.0
with_mask 0.3677 209.0 21.0 224.0 47.0
with_mask 0.3287 391.0 25.0 403.0 48.0
without_mask 0.2694 256.0 0.0 265.0 20.0
without_mask 0.2507 284.0 17.0 295.0 37.0
mask_weared_incorrect 0.2502 72.0 31.0 84.0 57.0
