without_mask 0.9622 43.0 161.0 71.0 204.0
without_mask 0.9022 94.0 291.0 125.0 359.0
without_mask 0.8584 64.0 238.0 97.0 315.0
with_mask 0.8339 134.0 305.0 175.0 391.0
with_mask 0.8093 140.0 185.0 169.0 239.0
with_mask 0.8008 239.0 327.0 276.0 401.0
without_mask 0.7820 246.0 63.0 269.0 108.0
without_mask 0.7521 349.0 270.0 390.0 342.0
without_mask 0.6688 47.0 101.0 70.0 145.0
without_mask 0.6046 308.0 84.0 327.0 124.0
with_mask 0.5869 280.0 286.0 301.0 348.0
with_mask 0.4902 179.0 230.0 202.0 277.0
with_mask 0.4605 224.0 181.0 245.0 231.0
without_mask 0.4216 208.0 391.0 245.0 416.0
with_mask 0.4203 306.0 189.0 325.0 234.0
with_mask 0.3526 273.0 144.0 293.0 184.0
without_mask 0.3344 274.0 35.0 289.0 67.0
without_mask 0.3335 171.0 307.0 191.0 380.0
without_mask 0.3130 294.0 45.0 311.0 76.0
with_mask 0.3002 257.0 199.0 280.0 255.0
without_mask 0.2502 88.0 54.0 106.0 93.0
