without_mask 0.8736 358.0 194.0 371.0 214.0
without_mask 0.8581 190.0 164.0 202.0 183.0
without_mask 0.7825 146.0 157.0 162.0 183.0
without_mask 0.6604 292.0 174.0 306.0 195.0
without_mask 0.6451 267.0 160.0 279.0 180.0
without_mask 0.6250 99.0 219.0 111.0 240.0
with_mask 0.6121 75.0 156.0 93.0 180.0
with_mask 0.5886 215.0 162.0 230.0 187.0
with_mask 0.5606 111.0 156.0 124.0 182.0
mask_weared_incorrect 0.5191 75.0 153.0 94.0 179.0
without_mask 0.4109 247.0 167.0 261.0 189.0
without_mask 0.4049 345.0 183.0 354.0 196.0
with_mask 0.3741 319.0 193.0 331.0 213.0
without_mask 0.2937 178.0 153.0 187.0 172.0
