with_mask 0.8793 285.0 109.0 307.0 156.0
with_mask 0.8312 305.0 65.0 326.0 104.0
with_mask 0.8018 22.0 70.0 44.0 112.0
with_mask 0.7858 134.0 84.0 156.0 130.0
with_mask 0.7563 380.0 63.0 401.0 105.0
with_mask 0.7447 59.0 95.0 79.0 133.0
with_mask 0.7415 225.0 73.0 241.0 113.0
with_mask 0.7080 357.0 57.0 376.0 96.0
with_mask 0.6373 115.0 58.0 131.0 90.0
with_mask 0.6272 246.0 88.0 262.0 123.0
with_mask 0.5770 190.0 79.0 204.0 107.0
with_mask 0.4787 160.0 74.0 179.0 113.0
without_mask 0.4237 327.0 75.0 342.0 102.0
with_mask 0.4153 210.0 71.0 225.0 113.0
with_mask 0.3268 262.0 102.0 280.0 142.0
