with_mask 0.9872 197.0 169.0 225.0 232.0
with_mask 0.9568 127.0 175.0 152.0 226.0
mask_weared_incorrect 0.9461 316.0 173.0 341.0 235.0
with_mask 0.9186 268.0 161.0 290.0 204.0
without_mask 0.8344 174.0 132.0 195.0 181.0
without_mask 0.7717 385.0 141.0 408.0 181.0
with_mask 0.7535 363.0 127.0 380.0 164.0
without_mask 0.7398 231.0 95.0 252.0 135.0
with_mask 0.6639 21.0 155.0 46.0 221.0
with_mask 0.5077 156.0 130.0 172.0 168.0
without_mask 0.4658 281.0 118.0 302.0 155.0
with_mask 0.4192 380.0 118.0 390.0 140.0
without_mask 0.4048 332.0 126.0 344.0 154.0
