with_mask 0.9027 89.0 212.0 114.0 247.0
with_mask 0.7974 303.0 165.0 334.0 208.0
with_mask 0.7763 182.0 176.0 207.0 211.0
with_mask 0.7635 214.0 141.0 229.0 174.0
with_mask 0.7626 138.0 155.0 158.0 184.0
with_mask 0.7191 225.0 87.0 242.0 117.0
with_mask 0.6866 58.0 163.0 74.0 195.0
with_mask 0.6547 36.0 232.0 62.0 270.0
with_mask 0.4623 255.0 126.0 268.0 158.0
with_mask 0.4561 58.0 93.0 68.0 111.0
with_mask 0.4060 124.0 204.0 138.0 231.0
with_mask 0.2985 148.0 317.0 174.0 357.0
without_mask 0.2621 123.0 97.0 133.0 117.0
with_mask 0.2582 56.0 137.0 68.0 161.0
