with_mask 0.9025 162.0 33.0 183.0 79.0
with_mask 0.8556 332.0 82.0 348.0 118.0
with_mask 0.8069 239.0 92.0 249.0 122.0
with_mask 0.8055 2.0 84.0 16.0 115.0
with_mask 0.7665 265.0 76.0 282.0 107.0
with_mask 0.7663 209.0 47.0 228.0 87.0
with_mask 0.7244 317.0 112.0 325.0 133.0
with_mask 0.6612 45.0 21.0 67.0 68.0
with_mask 0.6603 379.0 93.0 392.0 127.0
with_mask 0.6589 365.0 92.0 378.0 126.0
with_mask 0.6274 286.0 73.0 303.0 112.0
with_mask 0.5978 104.0 119.0 115.0 145.0
with_mask 0.4160 150.0 116.0 164.0 148.0
mask_weared_incorrect 0.3098 150.0 116.0 164.0 148.0
