with_mask 0.9035 32.0 283.0 49.0 318.0
with_mask 0.8933 210.0 300.0 229.0 335.0
with_mask 0.8908 100.0 295.0 115.0 323.0
with_mask 0.8207 183.0 244.0 196.0 271.0
with_mask 0.8119 165.0 263.0 179.0 292.0
without_mask 0.7346 228.0 391.0 247.0 416.0
with_mask 0.6801 241.0 225.0 256.0 251.0
without_mask 0.6323 145.0 264.0 160.0 287.0
with_mask 0.5542 201.0 271.0 217.0 300.0
without_mask 0.5268 125.0 223.0 140.0 250.0
without_mask 0.4775 158.0 233.0 170.0 255.0
with_mask 0.4715 222.0 233.0 232.0 253.0
with_mask 0.4576 141.0 224.0 157.0 252.0
without_mask 0.4123 6.0 287.0 22.0 314.0
with_mask 0.3399 127.0 276.0 140.0 301.0
