without_mask 0.9423 114.0 51.0 134.0 83.0
with_mask 0.9347 26.0 193.0 51.0 229.0
without_mask 0.8516 270.0 30.0 292.0 72.0
without_mask 0.8017 139.0 69.0 153.0 98.0
without_mask 0.7683 1.0 76.0 18.0 101.0
without_mask 0.7532 55.0 1.0 68.0 25.0
without_mask 0.7524 307.0 50.0 322.0 81.0
without_mask 0.7200 105.0 371.0 138.0 415.0
with_mask 0.7105 129.0 203.0 149.0 239.0
without_mask 0.6884 101.0 144.0 116.0 170.0
without_mask 0.5185 52.0 82.0 64.0 114.0
with_mask 0.4543 51.0 238.0 73.0 281.0
with_mask 0.4019 163.0 201.0 185.0 235.0
without_mask 0.2615 25.0 68.0 45.0 95.0
