without_mask 0.9108 36.0 19.0 53.0 51.0
without_mask 0.9068 59.0 137.0 80.0 172.0
with_mask 0.9025 186.0 149.0 204.0 181.0
without_mask 0.8710 188.0 47.0 206.0 76.0
with_mask 0.8203 175.0 220.0 194.0 253.0
with_mask 0.8088 332.0 51.0 352.0 80.0
with_mask 0.7910 47.0 211.0 67.0 243.0
without_mask 0.6824 64.0 70.0 82.0 102.0
without_mask 0.6523 284.0 157.0 302.0 189.0
without_mask 0.6016 326.0 100.0 344.0 136.0
without_mask 0.5480 378.0 0.0 397.0 10.0
with_mask 0.4192 300.0 8.0 317.0 35.0
with_mask 0.3612 170.0 112.0 188.0 138.0
