with_mask 0.9447 301.0 12.0 324.0 62.0
with_mask 0.9336 375.0 212.0 403.0 250.0
with_mask 0.9324 144.0 353.0 169.0 403.0
with_mask 0.8903 104.0 133.0 129.0 177.0
with_mask 0.8787 39.0 276.0 65.0 326.0
with_mask 0.8738 2.0 312.0 32.0 380.0
with_mask 0.8383 222.0 296.0 251.0 347.0
without_mask 0.7685 31.0 130.0 52.0 170.0
with_mask 0.7518 264.0 16.0 285.0 60.0
with_mask 0.7311 20.0 61.0 45.0 106.0
with_mask 0.6897 360.0 57.0 382.0 98.0
with_mask 0.6878 197.0 97.0 217.0 138.0
with_mask 0.5728 258.0 135.0 277.0 173.0
with_mask 0.4992 205.0 261.0 225.0 306.0
with_mask 0.4343 3.0 39.0 19.0 83.0
without_mask 0.4071 61.0 241.0 80.0 286.0
with_mask 0.4066 330.0 0.0 353.0 23.0
with_mask 0.3066 192.0 20.0 211.0 60.0
