with_mask 0.8957 389.0 373.0 403.0 398.0
with_mask 0.8802 403.0 357.0 416.0 388.0
with_mask 0.8689 397.0 112.0 406.0 136.0
with_mask 0.8626 158.0 278.0 169.0 301.0
without_mask 0.8590 44.0 252.0 54.0 272.0
without_mask 0.8548 64.0 283.0 75.0 304.0
with_mask 0.8515 52.0 145.0 63.0 165.0
with_mask 0.8465 53.0 201.0 62.0 219.0
with_mask 0.8409 375.0 35.0 383.0 51.0
with_mask 0.8349 135.0 357.0 148.0 384.0
with_mask 0.8243 307.0 192.0 318.0 212.0
with_mask 0.8233 109.0 159.0 120.0 180.0
with_mask 0.8229 366.0 96.0 374.0 114.0
without_mask 0.8189 145.0 75.0 154.0 94.0
with_mask 0.8088 108.0 270.0 120.0 295.0
with_mask 0.7804 312.0 162.0 323.0 180.0
with_mask 0.7716 183.0 177.0 192.0 196.0
with_mask 0.7647 254.0 225.0 265.0 244.0
with_mask 0.7539 277.0 383.0 288.0 407.0
with_mask 0.7537 298.0 240.0 311.0 264.0
with_mask 0.7437 240.0 106.0 248.0 122.0
with_mask 0.7416 192.0 119.0 203.0 141.0
with_mask 0.7374 229.0 146.0 238.0 166.0
with_mask 0.7363 406.0 231.0 415.0 252.0
without_mask 0.7338 111.0 101.0 119.0 119.0
with_mask 0.7300 0.0 200.0 12.0 223.0
with_mask 0.7299 231.0 3.0 240.0 18.0
without_mask 0.7254 55.0 100.0 65.0 120.0
with_mask 0.7227 405.0 264.0 416.0 292.0
with_mask 0.7160 287.0 152.0 295.0 171.0
with_mask 0.7031 376.0 146.0 389.0 166.0
with_mask 0.6878 207.0 141.0 216.0 157.0
without_mask 0.6858 120.0 188.0 131.0 207.0
with_mask 0.6612 125.0 11.0 132.0 29.0
with_mask 0.6428 199.0 261.0 210.0 279.0
with_mask 0.6427 212.0 22.0 221.0 37.0
without_mask 0.6116 317.0 24.0 324.0 42.0
with_mask 0.6064 120.0 245.0 130.0 269.0
with_mask 0.5740 26.0 193.0 35.0 214.0
without_mask 0.5587 271.0 0.0 280.0 8.0
without_mask 0.5583 127.0 91.0 134.0 108.0
with_mask 0.5512 183.0 3.0 192.0 21.0
with_mask 0.5256 172.0 321.0 184.0 348.0
with_mask 0.5251 392.0 178.0 402.0 196.0
with_mask 0.5074 272.0 107.0 280.0 122.0
with_mask 0.5064 351.0 112.0 360.0 129.0
with_mask 0.5049 313.0 4.0 322.0 21.0
with_mask 0.4888 357.0 36.0 364.0 53.0
with_mask 0.4819 385.0 199.0 396.0 220.0
with_mask 0.4793 332.0 74.0 341.0 91.0
