with_mask 0.9099 220.0 166.0 246.0 206.0
with_mask 0.9000 142.0 165.0 166.0 210.0
with_mask 0.8470 36.0 194.0 61.0 237.0
with_mask 0.8222 11.0 137.0 32.0 172.0
with_mask 0.8121 271.0 125.0 298.0 172.0
with_mask 0.7435 381.0 163.0 405.0 208.0
with_mask 0.6990 254.0 211.0 303.0 310.0
with_mask 0.6471 47.0 48.0 70.0 84.0
with_mask 0.5925 307.0 187.0 359.0 269.0
with_mask 0.5112 200.0 129.0 222.0 163.0
with_mask 0.5101 139.0 49.0 160.0 84.0
with_mask 0.5046 86.0 66.0 109.0 107.0
with_mask 0.4919 252.0 58.0 272.0 95.0
with_mask 0.3300 334.0 79.0 357.0 124.0
