without_mask 0.9563 35.0 298.0 88.0 391.0
without_mask 0.9427 95.0 133.0 133.0 203.0
with_mask 0.8631 35.0 108.0 76.0 187.0
without_mask 0.8420 3.0 202.0 45.0 264.0
with_mask 0.8335 117.0 217.0 166.0 308.0
with_mask 0.7930 216.0 204.0 272.0 299.0
without_mask 0.7540 136.0 118.0 161.0 171.0
mask_weared_incorrect 0.7534 176.0 95.0 200.0 145.0
without_mask 0.7146 76.0 51.0 97.0 93.0
with_mask 0.5053 313.0 271.0 365.0 360.0
with_mask 0.4821 100.0 56.0 119.0 93.0
without_mask 0.4496 232.0 88.0 255.0 133.0
with_mask 0.3972 341.0 85.0 364.0 131.0
with_mask 0.3968 0.0 61.0 23.0 103.0
without_mask 0.3646 175.0 91.0 201.0 144.0
without_mask 0.3460 118.0 216.0 167.0 305.0
