with_mask 0.9269 36.0 184.0 50.0 211.0
with_mask 0.9190 147.0 325.0 167.0 354.0
with_mask 0.9081 220.0 190.0 236.0 215.0
with_mask 0.9027 366.0 191.0 380.0 216.0
with_mask 0.8984 325.0 213.0 339.0 238.0
with_mask 0.8954 387.0 293.0 406.0 317.0
with_mask 0.8926 54.0 55.0 68.0 80.0
with_mask 0.8825 53.0 363.0 71.0 399.0
with_mask 0.8561 240.0 33.0 250.0 55.0
with_mask 0.8553 44.0 317.0 61.0 342.0
with_mask 0.8519 24.0 15.0 36.0 40.0
with_mask 0.8400 229.0 71.0 240.0 95.0
with_mask 0.8285 7.0 136.0 22.0 161.0
with_mask 0.8216 344.0 33.0 355.0 55.0
with_mask 0.8076 21.0 70.0 36.0 93.0
with_mask 0.7634 172.0 0.0 183.0 23.0
with_mask 0.7505 64.0 230.0 81.0 259.0
with_mask 0.7440 374.0 268.0 386.0 297.0
with_mask 0.7005 320.0 4.0 331.0 32.0
with_mask 0.6836 175.0 215.0 191.0 245.0
with_mask 0.6714 289.0 311.0 305.0 342.0
with_mask 0.6695 139.0 136.0 151.0 158.0
with_mask 0.6332 94.0 113.0 108.0 137.0
with_mask 0.6290 120.0 80.0 131.0 105.0
with_mask 0.6229 27.0 106.0 39.0 131.0
with_mask 0.6062 242.0 153.0 254.0 176.0
with_mask 0.5984 268.0 63.0 280.0 88.0
with_mask 0.5918 257.0 88.0 272.0 117.0
with_mask 0.5879 127.0 191.0 143.0 221.0
with_mask 0.5822 313.0 139.0 328.0 167.0
with_mask 0.5671 57.0 7.0 68.0 31.0
with_mask 0.5613 392.0 134.0 403.0 154.0
with_mask 0.5422 124.0 21.0 135.0 44.0
with_mask 0.5284 97.0 344.0 114.0 372.0
with_mask 0.4886 213.0 50.0 225.0 73.0
with_mask 0.4000 111.0 55.0 122.0 76.0
without_mask 0.3735 380.0 16.0 388.0 34.0
with_mask 0.2538 203.0 30.0 214.0 51.0
