with_mask 0.9413 124.0 85.0 142.0 114.0
with_mask 0.8750 99.0 256.0 149.0 347.0
with_mask 0.8734 308.0 64.0 322.0 90.0
without_mask 0.7849 175.0 167.0 195.0 209.0
with_mask 0.7692 191.0 220.0 219.0 286.0
with_mask 0.7577 65.0 300.0 89.0 352.0
with_mask 0.7488 168.0 87.0 182.0 117.0
with_mask 0.6780 159.0 33.0 173.0 58.0
with_mask 0.6247 222.0 134.0 245.0 171.0
with_mask 0.6046 239.0 47.0 253.0 78.0
without_mask 0.5971 269.0 68.0 283.0 95.0
with_mask 0.5284 199.0 40.0 213.0 69.0
with_mask 0.3657 8.0 349.0 47.0 412.0
with_mask 0.3475 150.0 21.0 160.0 46.0
