with_mask 0.9138 103.0 241.0 114.0 262.0
with_mask 0.8867 307.0 365.0 321.0 390.0
with_mask 0.8856 164.0 374.0 179.0 398.0
with_mask 0.8543 285.0 218.0 297.0 238.0
with_mask 0.8538 372.0 320.0 384.0 342.0
with_mask 0.8417 103.0 156.0 114.0 173.0
with_mask 0.8120 358.0 59.0 365.0 75.0
with_mask 0.7754 349.0 105.0 358.0 123.0
with_mask 0.7714 151.0 248.0 161.0 267.0
with_mask 0.7702 0.0 187.0 11.0 207.0
with_mask 0.7598 49.0 187.0 59.0 204.0
with_mask 0.7551 164.0 280.0 176.0 303.0
without_mask 0.7398 62.0 252.0 73.0 271.0
with_mask 0.7370 294.0 181.0 304.0 198.0
with_mask 0.7233 367.0 185.0 379.0 204.0
with_mask 0.6910 262.0 331.0 274.0 351.0
without_mask 0.6900 42.0 228.0 52.0 245.0
with_mask 0.6689 191.0 234.0 201.0 252.0
with_mask 0.6685 95.0 377.0 109.0 404.0
without_mask 0.6596 116.0 180.0 126.0 195.0
with_mask 0.6549 387.0 237.0 398.0 260.0
with_mask 0.6311 362.0 144.0 371.0 162.0
with_mask 0.6191 198.0 142.0 206.0 156.0
with_mask 0.6118 220.0 349.0 235.0 372.0
with_mask 0.5761 208.0 91.0 215.0 104.0
with_mask 0.5730 218.0 146.0 228.0 165.0
without_mask 0.5682 138.0 92.0 148.0 109.0
with_mask 0.5630 380.0 122.0 388.0 141.0
without_mask 0.5565 389.0 213.0 397.0 228.0
without_mask 0.5519 207.0 28.0 215.0 44.0
with_mask 0.5471 202.0 179.0 210.0 198.0
with_mask 0.5401 49.0 145.0 59.0 163.0
with_mask 0.5185 25.0 179.0 34.0 200.0
with_mask 0.5018 149.0 112.0 157.0 128.0
with_mask 0.4909 115.0 223.0 126.0 243.0
with_mask 0.4904 230.0 114.0 237.0 128.0
with_mask 0.4748 367.0 394.0 382.0 416.0
without_mask 0.4634 367.0 21.0 376.0 36.0
with_mask 0.4603 300.0 158.0 308.0 174.0
with_mask 0.4467 384.0 313.0 396.0 332.0
without_mask 0.4416 317.0 90.0 326.0 106.0
without_mask 0.4339 105.0 110.0 114.0 126.0
with_mask 0.4288 274.0 150.0 282.0 166.0
with_mask 0.4111 340.0 62.0 348.0 77.0
with_mask 0.3930 255.0 70.0 263.0 85.0
with_mask 0.3918 175.0 169.0 183.0 187.0
with_mask 0.3885 285.0 166.0 293.0 183.0
with_mask 0.3827 317.0 90.0 326.0 106.0
with_mask 0.3783 393.0 401.0 410.0 416.0
without_mask 0.3490 145.0 179.0 155.0 196.0
