with_mask 0.9061 300.0 88.0 323.0 127.0
with_mask 0.9000 1.0 334.0 31.0 386.0
with_mask 0.8735 221.0 318.0 250.0 358.0
without_mask 0.8363 24.0 0.0 43.0 34.0
with_mask 0.8250 143.0 363.0 168.0 400.0
with_mask 0.8067 104.0 183.0 126.0 222.0
with_mask 0.7986 359.0 124.0 382.0 155.0
with_mask 0.7569 37.0 303.0 64.0 340.0
without_mask 0.7503 30.0 181.0 47.0 212.0
with_mask 0.7335 332.0 20.0 351.0 48.0
with_mask 0.7105 263.0 90.0 285.0 126.0
with_mask 0.6207 196.0 155.0 217.0 191.0
with_mask 0.6088 113.0 8.0 135.0 45.0
with_mask 0.5605 17.0 122.0 42.0 160.0
with_mask 0.5144 256.0 185.0 276.0 217.0
without_mask 0.4873 61.0 272.0 79.0 309.0
with_mask 0.4076 195.0 38.0 213.0 69.0
with_mask 0.3698 3.0 107.0 17.0 144.0
without_mask 0.3655 39.0 303.0 63.0 341.0
mask_weared_incorrect 0.2967 60.0 273.0 79.0 310.0
with_mask 0.2722 203.0 290.0 223.0 322.0
