with_mask 0.7918 305.0 84.0 326.0 119.0
with_mask 0.7877 22.0 90.0 45.0 126.0
with_mask 0.7642 132.0 101.0 158.0 138.0
with_mask 0.7589 225.0 92.0 242.0 127.0
with_mask 0.7533 59.0 109.0 79.0 143.0
with_mask 0.7304 115.0 80.0 131.0 107.0
with_mask 0.6723 380.0 83.0 401.0 120.0
with_mask 0.6615 286.0 119.0 307.0 165.0
with_mask 0.6486 160.0 98.0 178.0 128.0
with_mask 0.6456 190.0 98.0 205.0 123.0
with_mask 0.5686 210.0 90.0 226.0 127.0
with_mask 0.5414 247.0 105.0 262.0 137.0
without_mask 0.4860 328.0 94.0 341.0 118.0
with_mask 0.3997 357.0 78.0 376.0 110.0
with_mask 0.2826 175.0 178.0 198.0 212.0
