without_mask 0.8731 72.0 103.0 91.0 139.0
with_mask 0.8546 260.0 61.0 277.0 94.0
without_mask 0.8523 1.0 68.0 16.0 96.0
without_mask 0.8126 141.0 84.0 159.0 115.0
with_mask 0.7881 382.0 105.0 398.0 143.0
mask_weared_incorrect 0.7156 185.0 54.0 209.0 99.0
without_mask 0.7048 243.0 75.0 258.0 104.0
with_mask 0.6225 287.0 108.0 300.0 133.0
with_mask 0.5779 340.0 44.0 365.0 87.0
with_mask 0.5194 30.0 70.0 44.0 97.0
without_mask 0.3810 292.0 49.0 309.0 81.0
with_mask 0.3040 39.0 96.0 59.0 132.0
