with_mask 0.9174 68.0 86.0 86.0 115.0
with_mask 0.8428 210.0 54.0 226.0 80.0
with_mask 0.8406 275.0 126.0 302.0 174.0
with_mask 0.7383 364.0 154.0 407.0 211.0
with_mask 0.7293 182.0 79.0 196.0 106.0
with_mask 0.7260 323.0 121.0 344.0 158.0
with_mask 0.6648 7.0 97.0 32.0 130.0
with_mask 0.6634 103.0 84.0 117.0 119.0
with_mask 0.6134 229.0 119.0 252.0 160.0
with_mask 0.5135 161.0 82.0 178.0 112.0
with_mask 0.3351 207.0 98.0 227.0 129.0
with_mask 0.2880 328.0 59.0 347.0 86.0
with_mask 0.2636 196.0 77.0 208.0 102.0
