with_mask 0.9395 285.0 146.0 307.0 195.0
with_mask 0.8699 306.0 103.0 326.0 142.0
with_mask 0.8693 225.0 110.0 242.0 151.0
with_mask 0.8558 58.0 132.0 78.0 169.0
with_mask 0.8291 174.0 211.0 197.0 252.0
with_mask 0.7892 160.0 114.0 179.0 151.0
with_mask 0.7811 380.0 101.0 401.0 142.0
with_mask 0.6734 191.0 116.0 204.0 144.0
with_mask 0.6489 357.0 96.0 376.0 133.0
with_mask 0.6435 134.0 119.0 156.0 164.0
with_mask 0.6090 23.0 103.0 44.0 148.0
with_mask 0.5253 114.0 92.0 131.0 127.0
with_mask 0.4472 210.0 108.0 226.0 151.0
with_mask 0.3302 264.0 137.0 281.0 178.0
with_mask 0.3136 246.0 124.0 261.0 158.0
without_mask 0.2606 329.0 111.0 344.0 138.0
