with_mask 0.9388 331.0 215.0 365.0 286.0
with_mask 0.9296 55.0 28.0 86.0 87.0
with_mask 0.9265 27.0 288.0 57.0 336.0
with_mask 0.9218 391.0 138.0 416.0 200.0
with_mask 0.9019 196.0 208.0 232.0 284.0
with_mask 0.8838 204.0 338.0 238.0 404.0
with_mask 0.8782 393.0 41.0 416.0 99.0
with_mask 0.8676 62.0 134.0 93.0 192.0
with_mask 0.8538 3.0 10.0 38.0 79.0
with_mask 0.8472 113.0 155.0 132.0 210.0
with_mask 0.8088 378.0 247.0 412.0 323.0
with_mask 0.7956 338.0 92.0 369.0 158.0
with_mask 0.7674 288.0 282.0 322.0 349.0
with_mask 0.7610 321.0 349.0 356.0 405.0
with_mask 0.6391 309.0 0.0 337.0 20.0
without_mask 0.5712 91.0 389.0 125.0 416.0
with_mask 0.4816 4.0 390.0 42.0 416.0
with_mask 0.3858 131.0 392.0 166.0 416.0
without_mask 0.3111 131.0 392.0 166.0 416.0
