with_mask 0.9689 187.0 179.0 213.0 229.0
with_mask 0.9140 117.0 174.0 144.0 217.0
with_mask 0.8906 60.0 282.0 113.0 376.0
with_mask 0.8254 287.0 180.0 309.0 218.0
with_mask 0.7724 244.0 134.0 272.0 180.0
with_mask 0.7710 324.0 309.0 387.0 405.0
with_mask 0.7559 311.0 120.0 332.0 159.0
with_mask 0.6995 297.0 209.0 339.0 274.0
with_mask 0.6477 89.0 177.0 109.0 210.0
with_mask 0.5936 166.0 135.0 183.0 174.0
with_mask 0.5567 386.0 171.0 405.0 200.0
with_mask 0.5407 23.0 187.0 69.0 266.0
with_mask 0.4765 382.0 241.0 415.0 327.0
with_mask 0.3625 276.0 146.0 295.0 185.0
