with_mask 0.9587 310.0 85.0 337.0 124.0
with_mask 0.9392 108.0 3.0 131.0 42.0
with_mask 0.8965 393.0 244.0 416.0 282.0
with_mask 0.8840 0.0 331.0 20.0 384.0
with_mask 0.8823 26.0 300.0 52.0 344.0
with_mask 0.8482 141.0 360.0 166.0 404.0
with_mask 0.8459 6.0 120.0 31.0 160.0
without_mask 0.7723 7.0 0.0 31.0 28.0
with_mask 0.7665 346.0 15.0 368.0 44.0
with_mask 0.7660 270.0 88.0 294.0 123.0
with_mask 0.7545 198.0 154.0 221.0 187.0
without_mask 0.7212 17.0 178.0 39.0 210.0
with_mask 0.6817 99.0 180.0 120.0 221.0
with_mask 0.5795 376.0 119.0 400.0 152.0
with_mask 0.5784 194.0 39.0 213.0 66.0
without_mask 0.5516 50.0 273.0 71.0 307.0
mask_weared_incorrect 0.4670 49.0 273.0 70.0 309.0
with_mask 0.4569 226.0 316.0 255.0 357.0
with_mask 0.4123 265.0 178.0 285.0 216.0
with_mask 0.2556 191.0 89.0 215.0 124.0
