with_mask 0.9649 301.0 61.0 323.0 111.0
with_mask 0.8915 221.0 344.0 249.0 395.0
with_mask 0.8813 104.0 180.0 128.0 226.0
without_mask 0.8266 30.0 176.0 52.0 216.0
with_mask 0.8145 197.0 144.0 217.0 189.0
with_mask 0.7915 263.0 69.0 285.0 110.0
with_mask 0.7858 16.0 109.0 44.0 152.0
with_mask 0.7376 372.0 263.0 402.0 298.0
with_mask 0.6768 1.0 361.0 32.0 414.0
without_mask 0.6642 38.0 323.0 64.0 373.0
without_mask 0.6282 60.0 287.0 79.0 331.0
with_mask 0.5908 360.0 105.0 383.0 144.0
with_mask 0.5769 114.0 0.0 132.0 11.0
with_mask 0.5246 195.0 3.0 212.0 45.0
with_mask 0.5159 257.0 182.0 276.0 223.0
with_mask 0.3981 331.0 31.0 352.0 71.0
with_mask 0.3977 190.0 74.0 213.0 106.0
with_mask 0.3670 36.0 323.0 64.0 373.0
with_mask 0.3316 204.0 311.0 223.0 350.0
with_mask 0.2505 332.0 0.0 351.0 12.0
