with_mask 0.9710 120.0 255.0 146.0 302.0
with_mask 0.9108 64.0 191.0 87.0 238.0
with_mask 0.8537 259.0 186.0 276.0 223.0
with_mask 0.8411 213.0 188.0 230.0 221.0
with_mask 0.8234 47.0 210.0 61.0 241.0
with_mask 0.8067 386.0 152.0 408.0 190.0
with_mask 0.7801 209.0 219.0 228.0 283.0
with_mask 0.7365 88.0 188.0 105.0 220.0
with_mask 0.7265 117.0 168.0 128.0 191.0
with_mask 0.7159 14.0 190.0 24.0 212.0
with_mask 0.6917 298.0 213.0 350.0 336.0
with_mask 0.6148 132.0 197.0 144.0 221.0
with_mask 0.5471 142.0 158.0 153.0 180.0
with_mask 0.5336 167.0 253.0 180.0 280.0
with_mask 0.5098 20.0 228.0 39.0 257.0
with_mask 0.4212 178.0 175.0 191.0 204.0
with_mask 0.4172 357.0 173.0 370.0 195.0
with_mask 0.3346 126.0 156.0 133.0 173.0
with_mask 0.2731 54.0 166.0 60.0 182.0
